-0.99999732 0.00006218 0.00232923 1.22592711 -0.00233006 -0.02664721 -0.99964219 1.35376823 -0.00000009 -0.99964494 0.02664726 -8.92485142 0.00000000 0.00000000 0.00000000 1.00000000
-0.99999475 -0.00001674 -0.00323255 1.22311258 0.00323260 -0.00520535 -0.99998122 1.49973416 -0.00000009 -0.99998647 0.00520538 -8.97823334 0.00000000 0.00000000 0.00000000 1.00000000
-0.99982387 -0.00000807 -0.01877647 1.16952753 0.01877647 -0.00043455 -0.99982369 1.79692197 -0.00000009 -1.00000000 0.00043448 -8.99128723 0.00000000 0.00000000 0.00000000 1.00000000
-0.99998593 0.00000009 -0.00532015 1.15884042 0.00532015 -0.00000013 -0.99998587 2.15210676 -0.00000009 -1.00000000 0.00000004 -8.99250031 0.00000000 0.00000000 0.00000000 1.00000000
-0.99999404 0.00000009 -0.00347129 1.14512527 0.00347129 0.00000006 -0.99999398 2.49618435 -0.00000009 -1.00000000 -0.00000011 -8.99250031 0.00000000 0.00000000 0.00000000 1.00000000
-0.99999976 0.00000009 0.00079596 1.14695275 -0.00079596 -0.00000012 -0.99999970 2.84158611 -0.00000009 -1.00000000 0.00000004 -8.99250031 0.00000000 0.00000000 0.00000000 1.00000000
-0.99996489 0.00000009 0.00841914 1.16675663 -0.00841914 -0.00000015 -0.99996471 3.18349028 -0.00000009 -1.00000012 -0.00000015 -8.99250031 0.00000000 0.00000000 0.00000000 1.00000000
-0.99997580 0.00000009 0.00694532 1.16764796 -0.00694532 0.00000011 -0.99997586 3.54141378 -0.00000009 -1.00000000 -0.00000006 -8.99250031 0.00000000 0.00000000 0.00000000 1.00000000
-0.99974012 0.00000009 0.02280872 1.22001398 -0.02280872 -0.00000006 -0.99974000 3.89152718 -0.00000009 -1.00000012 -0.00000023 -8.99250031 0.00000000 0.00000000 0.00000000 1.00000000
-0.99986571 0.00000009 0.01639577 1.23197210 -0.01639577 -0.00000008 -0.99986565 4.24040174 -0.00000009 -1.00000012 -0.00000008 -8.99250031 0.00000000 0.00000000 0.00000000 1.00000000
-0.99999976 0.00000009 -0.00098465 1.22193909 0.00098465 -0.00000004 -0.99999964 4.58777189 -0.00000009 -1.00000012 -0.00000021 -8.99250031 0.00000000 0.00000000 0.00000000 1.00000000
-0.99983150 0.00000009 -0.01835399 1.17362642 0.01835399 0.00000010 -0.99983156 4.93131495 -0.00000009 -1.00000000 -0.00000007 -8.99250031 0.00000000 0.00000000 0.00000000 1.00000000
-0.99993151 0.00000009 -0.01172520 1.15482414 0.01172520 -0.00000011 -0.99993140 5.29018879 -0.00000009 -1.00000012 -0.00000011 -8.99250031 0.00000000 0.00000000 0.00000000 1.00000000
-0.99999166 0.00000009 -0.00409666 1.14472938 0.00409666 -0.00000012 -0.99999166 5.63491154 -0.00000009 -1.00000000 0.00000005 -8.99250031 0.00000000 0.00000000 0.00000000 1.00000000
-0.99999928 0.00000009 -0.00124190 1.14315057 0.00124190 -0.00000001 -0.99999923 5.98724747 -0.00000009 -1.00000000 -0.00000001 -8.99250031 0.00000000 0.00000000 0.00000000 1.00000000
-0.99999857 0.00000009 0.00171768 1.14818931 -0.00171768 -0.00000003 -0.99999857 6.34303761 -0.00000009 -1.00000000 -0.00000003 -8.99250031 0.00000000 0.00000000 0.00000000 1.00000000
-0.99999487 0.00000009 0.00328651 1.15620446 -0.00328651 -0.00000014 -0.99999475 6.68839312 -0.00000009 -1.00000012 -0.00000014 -8.99250031 0.00000000 0.00000000 0.00000000 1.00000000
-0.99996656 0.00000009 0.00817662 1.18600559 -0.00817662 -0.00000033 -0.99996656 7.04358339 -0.00000009 -1.00000000 0.00000035 -8.99250031 0.00000000 0.00000000 0.00000000 1.00000000
-0.99999857 0.00000009 0.00169140 1.22469354 -0.00169140 -0.00000034 -0.99999857 7.38515425 -0.00000009 -1.00000000 0.00000033 -8.99250031 0.00000000 0.00000000 0.00000000 1.00000000
-0.99999690 0.00000009 -0.00249580 1.22499323 0.00249580 -0.00000034 -0.99999690 7.72951603 -0.00000009 -1.00000000 0.00000033 -8.99250031 0.00000000 0.00000000 0.00000000 1.00000000
-0.99991614 0.00000008 -0.01297154 1.18740416 0.01297154 -0.00000039 -0.99991602 8.06863022 -0.00000009 -1.00000012 0.00000011 -8.99250031 0.00000000 0.00000000 0.00000000 1.00000000
-0.99995780 0.00000008 -0.00918167 1.15616584 0.00918167 -0.00000031 -0.99995780 8.42654133 -0.00000009 -0.99999994 0.00000037 -8.99250031 0.00000000 0.00000000 0.00000000 1.00000000
-0.99999201 0.00000009 -0.00400013 1.14661086 0.00400013 -0.00000026 -0.99999201 8.77353573 -0.00000009 -1.00000000 0.00000025 -8.99250031 0.00000000 0.00000000 0.00000000 1.00000000
-0.99998307 0.00000008 -0.00582309 1.14340377 0.00582309 -0.00000069 -0.99998307 9.12908268 -0.00000009 -1.00000000 0.00000066 -8.99250031 0.00000000 0.00000000 0.00000000 1.00000000
-1.00000012 0.00000009 0.00056019 1.14701390 -0.00056019 -0.00000072 -1.00000000 9.48482990 -0.00000009 -1.00000012 0.00000046 -8.99250031 0.00000000 0.00000000 0.00000000 1.00000000
-0.99997801 0.00000009 0.00661346 1.16323113 -0.00661346 -0.00000028 -0.99997807 9.82880306 -0.00000009 -0.99999994 0.00000040 -8.99250126 0.00000000 0.00000000 0.00000000 1.00000000
-0.99974489 0.00000012 0.02259284 1.21997213 -0.02259284 -0.00000149 -0.99974483 10.17656708 -0.00000009 -1.00000000 0.00000138 -8.99250126 0.00000000 0.00000000 0.00000000 1.00000000
-0.99971956 0.00000064 0.02368775 1.23197210 -0.02368775 -0.00002326 -0.99971950 10.52575302 -0.00000009 -1.00000012 0.00002310 -8.99250126 0.00000000 0.00000000 0.00000000 1.00000000
-0.99996811 0.00000171 0.00802427 1.22378230 -0.00802427 -0.00020185 -0.99996793 10.87285233 -0.00000009 -1.00000012 0.00020157 -8.99250126 0.00000000 0.00000000 0.00000000 1.00000000
-0.99985266 -0.00001523 -0.01717278 1.18176556 0.01717279 -0.00089212 -0.99985218 11.21455574 -0.00000009 -0.99999964 0.00089214 -8.99250126 0.00000000 0.00000000 0.00000000 1.00000000
-0.99955457 -0.00007361 -0.02985298 1.15779555 0.02985308 -0.00246776 -0.99955136 11.56959248 -0.00000009 -0.99999708 0.00246860 -8.99250126 0.00000000 0.00000000 0.00000000 1.00000000
-0.99941874 -0.00017861 -0.03409547 1.15960526 0.03409594 -0.00523808 -0.99940491 11.91131878 -0.00000008 -0.99998635 0.00524093 -8.99250221 0.00000000 0.00000000 0.00000000 1.00000000
-0.48650038 -0.00493863 -0.87366664 1.14545393 0.87368065 -0.00275024 -0.48649246 12.26953506 -0.00000006 -0.99998420 0.00565255 -8.99250221 0.00000000 0.00000000 0.00000000 1.00000000
-0.51985705 -0.00624864 -0.85423046 1.14476669 0.85425335 -0.00380272 -0.51984310 12.62069321 -0.00000006 -0.99997330 0.00731475 -8.99250221 0.00000000 0.00000000 0.00000000 1.00000000
-0.46904245 -0.00831364 -0.88313663 1.15696526 0.88317573 -0.00441557 -0.46902159 12.96465302 -0.00000020 -0.99995577 0.00941337 -8.99250507 0.00000000 0.00000000 0.00000000 1.00000000
-0.36695054 -0.01094857 -0.93017620 1.16573477 0.93024063 -0.00431903 -0.36692500 13.32123756 -0.00000004 -0.99993086 0.01176950 -8.99256611 0.00000000 0.00000000 0.00000000 1.00000000
-0.26984170 -0.01365030 -0.96280807 1.20156658 0.96290481 -0.00382541 -0.26981449 13.64132977 0.00000001 -0.99989963 0.01417606 -8.99306011 0.00000000 0.00000000 0.00000000 1.00000000
-0.22624803 -0.01511130 -0.97395265 1.22780955 0.97406983 -0.00350999 -0.22622070 13.89537907 0.00000002 -0.99987978 0.01551346 -8.99489307 0.00000000 0.00000000 0.00000000 1.00000000
-0.17350106 -0.01616524 -0.98470104 1.23197210 0.98483372 -0.00284797 -0.17347765 14.05320549 -0.00000005 -0.99986529 0.01641415 -8.99863529 0.00000000 0.00000000 0.00000000 1.00000000
-0.15765803 -0.01738772 -0.98734075 1.23197210 0.98749387 -0.00277625 -0.15763351 14.03253174 -0.00000014 -0.99984503 0.01760788 -9.00362587 0.00000000 0.00000000 0.00000000 1.00000000
-0.52187097 -0.04921610 -0.85160369 3.69197226 0.85302466 -0.03011020 -0.52100146 13.68753815 -0.00000019 -0.99833429 0.05769599 -9.00897789 0.00000000 0.00000000 0.00000000 1.00000000
0.00310160 -0.05096722 -0.99869561 3.69829631 0.99999529 0.00015789 0.00309767 14.17464733 -0.00000009 -0.99870044 0.05096736 -9.01436806 0.00000000 0.00000000 0.00000000 1.00000000
0.08158334 -0.04905422 -0.99545866 3.71380281 0.99666661 0.00401525 0.08148454 14.32255363 -0.00000008 -0.99878812 0.04921822 -9.01975822 0.00000000 0.00000000 0.00000000 1.00000000
0.10521219 -0.04343414 -0.99350095 3.74484205 0.99444997 0.00459496 0.10511196 14.33861351 -0.00000018 -0.99904591 0.04367637 -9.02519989 0.00000000 0.00000000 0.00000000 1.00000000
0.11924694 -0.04058816 -0.99203479 3.78987169 0.99286473 0.00487459 0.11914741 14.36666870 -0.00000006 -0.99916422 0.04087969 -9.03116989 0.00000000 0.00000000 0.00000000 1.00000000
0.11393081 -0.03838535 -0.99274683 4.00160217 0.99348867 0.00440160 0.11384574 14.53964996 -0.00000034 -0.99925333 0.03863689 -9.03907490 0.00000000 0.00000000 0.00000000 1.00000000
0.03682304 -0.04114403 -0.99847460 4.32981253 0.99932194 0.00151580 0.03679195 14.59896088 -0.00000016 -0.99915218 0.04117182 -9.05027390 0.00000000 0.00000000 0.00000000 1.00000000
-0.00822689 -0.04313062 -0.99903560 4.63217497 0.99996620 -0.00035502 -0.00821918 14.57538986 -0.00000013 -0.99906945 0.04313203 -9.06426430 0.00000000 0.00000000 0.00000000 1.00000000
-0.09296723 -0.03979284 -0.99487382 4.73248482 0.99566931 -0.00371574 -0.09289282 14.32411194 -0.00000009 -0.99920118 0.03996580 -9.07947254 0.00000000 0.00000000 0.00000000 1.00000000
-0.15137403 -0.04180289 -0.98759234 5.27712488 0.98847669 -0.00640175 -0.15123852 14.16975021 -0.00000002 -0.99910545 0.04229013 -9.09494209 0.00000000 0.00000000 0.00000000 1.00000000
-0.14659527 -0.03997329 -0.98838854 5.54774523 0.98919648 -0.00592387 -0.14647558 14.17243385 -0.00000002 -0.99918312 0.04040991 -9.11043358 0.00000000 0.00000000 0.00000000 1.00000000
-0.17949748 -0.03817565 -0.98301744 6.03599358 0.98375845 -0.00696558 -0.17936228 14.09621048 -0.00000002 -0.99924678 0.03880593 -9.12592411 0.00000000 0.00000000 0.00000000 1.00000000
-0.20205705 -0.03178640 -0.97885770 6.46521473 0.97937369 -0.00655786 -0.20195067 14.04534912 0.00000001 -0.99947309 0.03245591 -9.14141560 0.00000000 0.00000000 0.00000000 1.00000000
-0.16351314 -0.02433359 -0.98624110 7.02921820 0.98654121 -0.00403312 -0.16346332 14.19245052 0.00000009 -0.99969584 0.02466548 -9.15690708 0.00000000 0.00000000 0.00000000 1.00000000
-0.04664512 -0.01274249 -0.99883026 7.29147625 0.99891150 -0.00059494 -0.04664133 14.48982906 0.00000008 -0.99991864 0.01275637 -9.17239761 0.00000000 0.00000000 0.00000000 1.00000000
-0.00476116 -0.00120999 -0.99998802 7.49559927 0.99998879 -0.00000593 -0.00476105 14.59894753 -0.00000007 -0.99999934 0.00120991 -9.18788910 0.00000000 0.00000000 0.00000000 1.00000000
0.00090494 0.00960985 -0.99995345 7.81688929 0.99999958 -0.00000863 0.00090492 14.61210728 0.00000009 -0.99995387 -0.00960987 -9.20337868 0.00000000 0.00000000 0.00000000 1.00000000
0.01477350 0.02082690 -0.99967408 8.16573143 0.99989098 -0.00030789 0.01477044 14.61210728 -0.00000003 -0.99978322 -0.02082932 -9.21863651 0.00000000 0.00000000 0.00000000 1.00000000
0.09842353 0.03278664 -0.99460435 8.51457787 0.99514461 -0.00324277 0.09837007 14.61210728 -0.00000008 -0.99945706 -0.03294658 -9.23173141 0.00000000 0.00000000 0.00000000 1.00000000
0.19085090 0.03701030 -0.98092115 8.86343193 0.98161912 -0.00719597 0.19071531 14.61210728 -0.00000014 -0.99928910 -0.03770346 -9.23754025 0.00000000 0.00000000 0.00000000 1.00000000
0.18149936 0.03923567 -0.98260820 9.21230030 0.98339123 -0.00724169 0.18135504 14.61210728 0.00000005 -0.99920398 -0.03989854 -9.23250008 0.00000000 0.00000000 0.00000000 1.00000000
0.16989256 0.03851150 -0.98470974 9.56117821 0.98546255 -0.00663942 0.16976273 14.61210728 -0.00000012 -0.99923605 -0.03907960 -9.22023010 0.00000000 0.00000000 0.00000000 1.00000000
0.13046558 0.04013961 -0.99064004 9.91005898 0.99145293 -0.00528215 0.13035873 14.61210632 -0.00000005 -0.99918020 -0.04048576 -9.20584011 0.00000000 0.00000000 0.00000000 1.00000000
0.12046082 0.03826999 -0.99198025 10.25893974 0.99271816 -0.00464392 0.12037139 14.61210442 0.00000005 -0.99925673 -0.03855082 -9.19123268 0.00000000 0.00000000 0.00000000 1.00000000
0.02523093 0.04078433 -0.99884945 10.60075474 0.99968171 -0.00102962 0.02520999 14.60958862 -0.00000019 -0.99916750 -0.04079740 -9.17662525 0.00000000 0.00000000 0.00000000 1.00000000
0.00952290 0.04158177 -0.99908972 10.88309479 0.99995464 -0.00039614 0.00951466 14.57195759 -0.00000014 -0.99913502 -0.04158366 -9.16201782 0.00000000 0.00000000 0.00000000 1.00000000
-0.01639056 0.04104769 -0.99902290 11.06009960 0.99986583 0.00067257 -0.01637658 14.36034584 -0.00000014 -0.99915713 -0.04105337 -9.14741039 0.00000000 0.00000000 0.00000000 1.00000000
-0.03660890 0.04662168 -0.99824172 11.58836079 0.99932981 0.00170776 -0.03656888 14.08231354 0.00000001 -0.99891132 -0.04665311 -9.13280296 0.00000000 0.00000000 0.00000000 1.00000000
0.09028527 0.05122576 -0.99459761 12.02737427 0.99591589 -0.00464407 0.09016572 14.09254360 -0.00000020 -0.99867630 -0.05143581 -9.11819553 0.00000000 0.00000000 0.00000000 1.00000000
0.27704105 0.05412120 -0.95933270 12.50027275 0.96085817 -0.01560468 0.27660131 14.10541153 -0.00000001 -0.99841249 -0.05632599 -9.10358810 0.00000000 0.00000000 0.00000000 1.00000000
0.53530258 0.04658708 -0.84337467 12.76950741 0.84466040 -0.02952465 0.53448778 14.23583031 -0.00000010 -0.99847782 -0.05515489 -9.08897972 0.00000000 0.00000000 0.00000000 1.00000000
0.82285011 0.02871174 -0.56753272 13.26643848 0.56825852 -0.04157532 0.82179910 14.24716091 -0.00000006 -0.99872273 -0.05052594 -9.07435417 0.00000000 0.00000000 0.00000000 1.00000000
0.94746256 0.01006522 -0.31970829 13.46800613 0.31986669 -0.02981412 0.94699347 14.53722191 -0.00000008 -0.99950492 -0.03146730 -9.05951405 0.00000000 0.00000000 0.00000000 1.00000000
0.98440385 0.00371537 -0.17588425 13.72219467 0.17592350 -0.02079043 0.98418438 14.54491997 -0.00000008 -0.99977708 -0.02111980 -9.04384995 0.00000000 0.00000000 0.00000000 1.00000000
0.99707031 0.00099109 -0.07648421 13.99096012 0.07649063 -0.01292025 0.99698663 14.40839005 -0.00000009 -0.99991608 -0.01295821 -9.02697182 0.00000000 0.00000000 0.00000000 1.00000000
0.99927342 0.00024997 -0.03811192 14.20113945 0.03811274 -0.00655640 0.99925202 14.17802811 -0.00000009 -0.99997860 -0.00656117 -9.01069450 0.00000000 0.00000000 0.00000000 1.00000000
0.99979788 0.00004710 -0.02010587 14.33172798 0.02010592 -0.00234663 0.99979520 13.88364124 -0.00000009 -0.99999732 -0.00234711 -8.99902534 0.00000000 0.00000000 0.00000000 1.00000000
0.99993914 0.00000513 -0.01102955 14.36970711 0.01102956 -0.00047313 0.99993908 13.56640339 -0.00000009 -0.99999988 -0.00047315 -8.99382687 0.00000000 0.00000000 0.00000000 1.00000000
0.99895912 0.00000166 -0.04561476 14.24307442 0.04561476 -0.00003846 0.99895906 13.30195904 -0.00000009 -0.99999994 -0.00003850 -8.99261189 0.00000000 0.00000000 0.00000000 1.00000000
0.99975157 -0.00000008 -0.02229040 14.18584061 0.02229040 -0.00000046 0.99975169 12.91584778 -0.00000008 -1.00000012 -0.00000046 -8.99250221 0.00000000 0.00000000 0.00000000 1.00000000
0.99984205 -0.00000008 -0.01777183 14.14885139 0.01777183 -0.00000054 0.99984229 12.52052116 -0.00000009 -1.00000024 -0.00000054 -8.99250221 0.00000000 0.00000000 0.00000000 1.00000000
0.99999917 -0.00000009 -0.00127241 14.14981651 0.00127241 -0.00000088 0.99999940 12.15210342 -0.00000009 -1.00000024 -0.00000088 -8.99250221 0.00000000 0.00000000 0.00000000 1.00000000
0.99984676 -0.00000010 0.01750723 14.19441414 -0.01750723 -0.00000057 0.99984670 11.75632763 -0.00000009 -1.00000000 -0.00000057 -8.99250221 0.00000000 0.00000000 0.00000000 1.00000000
0.99879277 -0.00000011 0.04912274 14.30681324 -0.04912274 -0.00000064 0.99879283 11.40737915 -0.00000008 -1.00000000 -0.00000065 -8.99250221 0.00000000 0.00000000 0.00000000 1.00000000
0.99820644 -0.00000010 0.05986567 14.38761425 -0.05986567 -0.00000039 0.99820650 11.10461044 -0.00000008 -1.00000012 -0.00000040 -8.99250126 0.00000000 0.00000000 0.00000000 1.00000000
0.99997175 -0.00000009 0.00751500 14.40060329 -0.00751500 -0.00000043 0.99997193 10.76535606 -0.00000009 -1.00000012 -0.00000043 -8.99250126 0.00000000 0.00000000 0.00000000 1.00000000
0.99995565 -0.00000009 -0.00941800 14.37414932 0.00941800 -0.00000039 0.99995577 10.43143082 -0.00000009 -1.00000012 -0.00000039 -8.99250126 0.00000000 0.00000000 0.00000000 1.00000000
0.99875462 -0.00000008 -0.04989209 14.24750710 0.04989209 -0.00000033 0.99875468 10.15003014 -0.00000009 -1.00000012 -0.00000033 -8.99250126 0.00000000 0.00000000 0.00000000 1.00000000
0.99899477 -0.00000008 -0.04482659 14.19741631 0.04482659 -0.00000025 0.99899477 9.78826237 -0.00000009 -1.00000000 -0.00000024 -8.99250126 0.00000000 0.00000000 0.00000000 1.00000000
0.99980837 -0.00000008 -0.01957669 14.15334320 0.01957669 -0.00000003 0.99980831 9.38044071 -0.00000009 -0.99999994 -0.00000003 -8.99250031 0.00000000 0.00000000 0.00000000 1.00000000
0.99999809 -0.00000009 -0.00195858 14.14638042 0.00195858 -0.00000008 0.99999809 9.01309776 -0.00000009 -1.00000000 -0.00000008 -8.99250031 0.00000000 0.00000000 0.00000000 1.00000000
0.99995673 -0.00000009 0.00930548 14.17031479 -0.00930548 -0.00000003 0.99995673 8.63201141 -0.00000009 -1.00000000 -0.00000004 -8.99250031 0.00000000 0.00000000 0.00000000 1.00000000
0.99976635 -0.00000009 0.02161665 14.21714973 -0.02161665 -0.00000014 0.99976647 8.26226711 -0.00000009 -1.00000012 -0.00000014 -8.99250031 0.00000000 0.00000000 0.00000000 1.00000000
0.99864852 -0.00000008 0.05197198 14.37954426 -0.05197198 0.00000006 0.99864858 7.96316671 -0.00000008 -1.00000000 0.00000006 -8.99250031 0.00000000 0.00000000 0.00000000 1.00000000
0.99962544 -0.00000008 0.02736718 14.40060329 -0.02736718 0.00000005 0.99962550 7.62268066 -0.00000009 -1.00000000 0.00000005 -8.99250031 0.00000000 0.00000000 0.00000000 1.00000000
0.99999988 -0.00000009 0.00044588 14.39063931 -0.00044588 -0.00000018 1.00000012 7.28476667 -0.00000009 -1.00000024 -0.00000018 -8.99250031 0.00000000 0.00000000 0.00000000 1.00000000
0.99963146 -0.00000009 -0.02714571 14.32293129 0.02714571 0.00000003 0.99963152 6.99106455 -0.00000009 -1.00000000 0.00000004 -8.99250031 0.00000000 0.00000000 0.00000000 1.00000000
0.99827600 -0.00000009 -0.05869413 14.20675850 0.05869413 0.00000001 0.99827600 6.65244818 -0.00000009 -1.00000000 0.00000001 -8.99250031 0.00000000 0.00000000 0.00000000 1.00000000
0.99946755 -0.00000009 -0.03262792 14.15181160 0.03262792 -0.00000000 0.99946767 6.24009085 -0.00000009 -1.00000012 0.00000000 -8.99250031 0.00000000 0.00000000 0.00000000 1.00000000
0.99998987 -0.00000009 -0.00449716 14.14466190 0.00449716 -0.00000013 0.99998993 5.87537956 -0.00000009 -1.00000000 -0.00000013 -8.99250031 0.00000000 0.00000000 0.00000000 1.00000000
0.99998903 -0.00000009 0.00468733 14.15760422 -0.00468733 -0.00000006 0.99998897 5.50829697 -0.00000009 -1.00000000 -0.00000006 -8.99250031 0.00000000 0.00000000 0.00000000 1.00000000
0.99966371 -0.00000009 0.02593245 14.23090172 -0.02593245 -0.00000004 0.99966365 5.10697985 -0.00000009 -0.99999994 -0.00000004 -8.99250031 0.00000000 0.00000000 0.00000000 1.00000000
0.99903870 0.00000060 0.04383698 14.32250023 -0.04383698 0.00001564 0.99903876 4.76985502 -0.00000009 -1.00000000 0.00001565 -8.99250031 0.00000000 0.00000000 0.00000000 1.00000000
0.99988061 0.00000329 0.01545249 14.38938427 -0.01545249 0.00021830 0.99988067 4.47004795 -0.00000009 -1.00000000 0.00021833 -8.99250031 0.00000000 0.00000000 0.00000000 1.00000000
0.99984759 0.00002250 0.01745972 14.40060329 -0.01745973 0.00129336 0.99984670 4.13081884 -0.00000009 -0.99999917 0.00129356 -8.99250031 0.00000000 0.00000000 0.00000000 1.00000000
0.99907410 0.00018710 0.04302203 14.37465286 -0.04302244 0.00434683 0.99906474 3.79688287 -0.00000009 -0.99999064 0.00435085 -8.99250031 0.00000000 0.00000000 0.00000000 1.00000000
0.99826354 0.00057164 0.05890351 14.24112129 -0.05890628 0.00968884 0.99821651 3.50433159 -0.00000009 -0.99995291 0.00970569 -8.99250031 0.00000000 0.00000000 0.00000000 1.00000000
0.99349099 0.00195452 0.11389391 14.15713501 -0.11391068 0.01704748 0.99334472 3.10185623 -0.00000009 -0.99985278 0.01715916 -8.99250031 0.00000000 0.00000000 0.00000000 1.00000000
0.98114097 0.00488743 0.19323188 14.14460373 -0.19329368 0.02480860 0.98082727 2.73479104 -0.00000010 -0.99968028 0.02528544 -8.99250031 0.00000000 0.00000000 0.00000000 1.00000000
0.97183710 0.00804517 0.23551625 14.15995693 -0.23565362 0.03317861 0.97127062 2.37214661 -0.00000007 -0.99941713 0.03414007 -8.99250031 0.00000000 0.00000000 0.00000000 1.00000000
0.96322727 0.01188976 0.26842478 14.19940662 -0.26868799 0.04262421 0.96228385 1.96456873 -0.00000011 -0.99902058 0.04425143 -8.99254417 0.00000000 0.00000000 0.00000000 1.00000000
0.93043905 0.02147583 0.36581680 14.34582520 -0.36644664 0.05452903 0.92883986 1.65148163 -0.00000003 -0.99828124 0.05860568 -8.99311638 0.00000000 0.00000000 0.00000000 1.00000000
0.67341715 0.09898732 0.73260558 14.35202122 -0.73926276 0.09017044 0.66735297 1.34872150 0.00000008 -0.99099487 0.13389994 -8.99609947 0.00000000 0.00000000 0.00000000 1.00000000
0.85402095 0.02315293 0.51972324 14.25611019 -0.52023870 0.03800784 0.85317487 1.04406512 -0.00000011 -0.99900925 0.04450453 -9.00448895 0.00000000 0.00000000 0.00000000 1.00000000
0.82261091 0.02679453 0.56797302 14.07937527 -0.56860471 0.03876425 0.82169712 0.76327932 -0.00000010 -0.99888915 0.04712338 -9.01915169 0.00000000 0.00000000 0.00000000 1.00000000
0.79483426 0.03011757 0.60607874 13.85875416 -0.60682660 0.03944869 0.79385483 0.49947795 -0.00000012 -0.99876773 0.04963128 -9.03745461 0.00000000 0.00000000 0.00000000 1.00000000
0.73135287 0.03493581 0.68110394 13.65363789 -0.68199933 0.03746401 0.73039275 0.24269348 -0.00000009 -0.99868721 0.05122558 -9.05674553 0.00000000 0.00000000 0.00000000 1.00000000
0.69582558 0.03791810 0.71720922 13.58301544 -0.71821082 0.03673630 0.69485527 -0.00716412 -0.00000009 -0.99860543 0.05279522 -9.07613277 0.00000000 0.00000000 0.00000000 1.00000000
0.63201112 0.03904317 0.77397525 13.57476807 -0.77495939 0.03184126 0.63120866 -0.27471614 -0.00000009 -0.99873024 0.05038084 -9.09552002 0.00000000 0.00000000 0.00000000 1.00000000
0.62929815 0.03537535 0.77635849 13.58560562 -0.77716404 0.02864471 0.62864608 -0.27878004 -0.00000012 -0.99896365 0.04551845 -9.11490726 0.00000000 0.00000000 0.00000000 1.00000000
0.74470681 0.02469822 0.66693461 13.59591579 -0.66739178 0.02755954 0.74419671 0.65996194 -0.00000010 -0.99931502 0.03700716 -9.13429451 0.00000000 0.00000000 0.00000000 1.00000000
0.31672043 0.07226255 0.94576234 12.51383877 -0.94851899 0.02412924 0.31580001 -1.81603849 -0.00000010 -0.99709380 0.07618456 -9.15368176 0.00000000 0.00000000 0.00000000 1.00000000
0.25554401 0.07269016 0.96406096 12.22423077 -0.96679747 0.01921337 0.25482076 -1.92059231 0.00000004 -0.99716955 0.07518647 -9.17306900 0.00000000 0.00000000 0.00000000 1.00000000
0.19568866 0.06199073 0.97870499 11.96593761 -0.98066622 0.01237003 0.19529749 -1.97977328 -0.00000018 -0.99800026 0.06321272 -9.19245625 0.00000000 0.00000000 0.00000000 1.00000000
0.85834587 0.02237172 0.51258355 11.59142971 -0.51307154 0.03742711 0.85752952 -1.96874845 -0.00000012 -0.99904895 0.04360369 -9.21184349 0.00000000 0.00000000 0.00000000 1.00000000
0.85238636 0.02324912 0.52239549 11.47606850 -0.52291262 0.03789772 0.85154361 -2.04844213 -0.00000005 -0.99901128 0.04446073 -9.23122978 0.00000000 0.00000000 0.00000000 1.00000000
0.84536940 0.02479449 0.53360647 11.19212055 -0.53418219 0.03923856 0.84445834 -2.21786308 -0.00000007 -0.99892229 0.04641584 -9.25061607 0.00000000 0.00000000 0.00000000 1.00000000
0.83255309 0.02503780 0.55337924 10.94031429 -0.55394536 0.03763051 0.83170235 -2.42076993 -0.00000005 -0.99897820 0.04519894 -9.27000332 0.00000000 0.00000000 0.00000000 1.00000000
0.82980204 0.01543175 0.55784446 10.80081463 -0.55805784 0.02294635 0.82948476 -2.45894217 -0.00000011 -0.99961764 0.02765273 -9.28939056 0.00000000 0.00000000 0.00000000 1.00000000
0.86187273 -0.00772090 0.50706589 10.58846092 -0.50712466 -0.01312189 0.86177295 -2.45894217 -0.00000006 -0.99988419 -0.01522488 -9.30877781 0.00000000 0.00000000 0.00000000 1.00000000
0.92741215 -0.03234411 0.37264001 10.23554516 -0.37404108 -0.08019529 0.92393845 -2.44624209 -0.00000004 -0.99625438 -0.08647212 -9.32816505 0.00000000 0.00000000 0.00000000 1.00000000
0.99659193 -0.01470629 0.08116802 9.56465244 -0.08248953 -0.17767219 0.98062640 -2.45894217 -0.00000008 -0.98397988 -0.17827979 -9.34755135 0.00000000 0.00000000 0.00000000 1.00000000
0.07268219 -0.95624012 0.28341174 9.76819324 -0.99735516 -0.06968600 0.02065360 -5.01894236 0.00000002 -0.28416333 -0.95877594 -9.36693954 0.00000000 0.00000000 0.00000000 1.00000000
0.00000014 0.99475455 -0.10229107 9.65375900 1.00000000 -0.00000020 0.00000001 -5.01894236 -0.00000001 -0.10229107 -0.99475455 -9.38632584 0.00000000 0.00000000 0.00000000 1.00000000
-0.87301475 0.36094528 -0.32796946 9.42214108 0.48769403 0.64612329 -0.58709389 -5.01894236 -0.00000007 -0.67249030 -0.74010605 -9.40457821 0.00000000 0.00000000 0.00000000 1.00000000
-0.87379527 0.28792447 -0.39189491 9.21160126 0.48629427 0.51735538 -0.70417422 -5.01894236 -0.00000002 -0.80588025 -0.59207875 -9.41120148 0.00000000 0.00000000 0.00000000 1.00000000
-0.90081954 0.20842046 -0.38090056 9.07916546 0.43419388 0.43240839 -0.79025233 -5.01894236 -0.00000012 -0.87725931 -0.48001689 -9.37473392 0.00000000 0.00000000 0.00000000 1.00000000
-0.87491512 0.23856699 -0.42143673 9.08216095 0.48427588 0.43100616 -0.76138717 -5.01894236 -0.00000006 -0.87024099 -0.49262595 -9.26355076 0.00000000 0.00000000 0.00000000 1.00000000
-0.86492419 0.24914114 -0.43570077 9.19779587 0.50190288 0.42934221 -0.75083882 -5.01927948 -0.00000006 -0.86809796 -0.49639320 -9.08735275 0.00000000 0.00000000 0.00000000 1.00000000
-0.86044639 0.25264162 -0.44249818 9.35262680 0.50954139 0.42662761 -0.74723262 -5.02051687 -0.00000007 -0.86842459 -0.49582165 -8.88185215 0.00000000 0.00000000 0.00000000 1.00000000
-0.86673760 0.24690548 -0.43336314 9.56214046 0.49876440 0.42906466 -0.75308537 -5.03395844 -0.00000011 -0.86887354 -0.49503416 -8.66986752 0.00000000 0.00000000 0.00000000 1.00000000
-0.88019633 0.23339725 -0.41325584 9.74928761 0.47461003 0.43285072 -0.76641089 -5.01894236 -0.00000006 -0.87072730 -0.49176636 -8.45733452 0.00000000 0.00000000 0.00000000 1.00000000
-0.83614814 0.33021259 -0.43796799 9.93608284 0.54850370 0.50338143 -0.66764575 -4.09894180 -0.00000008 -0.79847777 -0.60202432 -8.24480152 0.00000000 0.00000000 0.00000000 1.00000000
-0.80184865 0.41683650 -0.42812002 9.92275047 0.59752774 0.55937076 -0.57451290 -3.68620586 -0.00000007 -0.71648574 -0.69760215 -8.30933189 0.00000000 0.00000000 0.00000000 1.00000000
-0.38624719 0.81824732 -0.42577532 10.31308079 0.92239541 0.34263572 -0.17829071 -2.45894527 -0.00000004 -0.46159744 -0.88708961 -7.81973505 0.00000000 0.00000000 0.00000000 1.00000000
-0.30403861 0.88787240 -0.34531626 10.49915123 0.95265979 0.28336176 -0.11020675 -2.45894194 -0.00000010 -0.36247599 -0.93199325 -7.60720205 0.00000000 0.00000000 0.00000000 1.00000000
-0.62943423 0.74116498 -0.23342501 10.68352127 0.77705389 0.60036308 -0.18908049 -2.45894384 -0.00000006 -0.30039752 -0.95381421 -7.39466858 0.00000000 0.00000000 0.00000000 1.00000000
-0.99954164 0.01917318 -0.02343269 10.86954689 0.03027709 0.63296509 -0.77358806 -2.45894217 -0.00000006 -0.77394289 -0.63325554 -7.18213558 0.00000000 0.00000000 0.00000000 1.00000000
-0.78320497 0.29454109 -0.54757208 11.05058765 0.62176335 0.37101898 -0.68975008 -2.44737959 -0.00000016 -0.88067609 -0.47371867 -6.96960258 0.00000000 0.00000000 0.00000000 1.00000000
-0.55820900 0.43049747 -0.70927805 11.17810631 0.82970083 0.28963128 -0.47719032 -2.36910200 0.00000005 -0.85486025 -0.51885903 -6.75706911 0.00000000 0.00000000 0.00000000 1.00000000
-0.48866570 0.39024651 -0.78032911 11.17301273 0.87247109 0.21857479 -0.43705747 -2.21334553 0.00000012 -0.89438957 -0.44728881 -6.54453611 0.00000000 0.00000000 0.00000000 1.00000000
-0.54874563 0.37531614 -0.74700475 11.13624191 0.83598942 0.24635851 -0.49033579 -2.05776858 0.00000007 -0.89355767 -0.44894850 -6.33200312 0.00000000 0.00000000 0.00000000 1.00000000
-0.60070890 0.36821523 -0.70962477 11.12915516 0.79946840 0.27667114 -0.53320146 -2.11721921 0.00000001 -0.88762099 -0.46057552 -6.11946964 0.00000000 0.00000000 0.00000000 1.00000000
-0.68214655 0.33006346 -0.65248287 11.12912273 0.73121524 0.30791435 -0.60869771 -2.25788832 -0.00000010 -0.89232659 -0.45139006 -5.90693712 0.00000000 0.00000000 0.00000000 1.00000000
-0.67515683 0.32267073 -0.66336066 11.09962368 0.73767453 0.29532412 -0.60714096 -2.12188983 -0.00000011 -0.89925939 -0.43741623 -5.69440365 0.00000000 0.00000000 0.00000000 1.00000000
-0.27104563 0.47008467 -0.83997297 10.93246269 0.96256644 0.13236931 -0.23652510 -0.38189024 -0.00000021 -0.87263894 -0.48836583 -5.48187065 0.00000000 0.00000000 0.00000000 1.00000000
-0.48790947 0.69430947 -0.52903551 12.84638882 0.87289417 0.38808855 -0.29570764 -0.01947710 -0.00000001 -0.60607058 -0.79541069 -5.36790752 0.00000000 0.00000000 0.00000000 1.00000000
-0.92115778 0.26399419 -0.28596509 13.50236225 0.38919014 0.62483633 -0.67683882 -0.80538160 -0.00000009 -0.73476988 -0.67831689 -5.05680418 0.00000000 0.00000000 0.00000000 1.00000000
-0.99355972 0.07805460 -0.08213592 14.13925266 0.11330856 0.68443084 -0.72021914 -0.55197263 -0.00000007 -0.72488749 -0.68886709 -4.84427118 0.00000000 0.00000000 0.00000000 1.00000000
-0.96825862 0.16332157 -0.18921447 13.96530914 0.24995209 0.63267088 -0.73297453 -0.20076171 -0.00000003 -0.75700319 -0.65341175 -4.63173819 0.00000000 0.00000000 0.00000000 1.00000000
-0.95066613 0.16473061 -0.26286569 13.74881458 0.31021693 0.50481993 -0.80555725 -0.14884615 -0.00000006 -0.84736109 -0.53101760 -4.41920471 0.00000000 0.00000000 0.00000000 1.00000000
-0.95903516 0.12649758 -0.25347731 13.58685112 0.28328851 0.42824003 -0.85811323 0.03491320 -0.00000006 -0.89476764 -0.44653279 -4.20667171 0.00000000 0.00000000 0.00000000 1.00000000
-0.97770345 0.07237040 -0.19712612 13.67815113 0.20999090 0.33695117 -0.91780597 0.23810768 -0.00000009 -0.93873668 -0.34463552 -3.99413824 0.00000000 0.00000000 0.00000000 1.00000000
-0.99267322 0.03023469 -0.11698533 13.85663128 0.12082923 0.24839263 -0.96109378 0.44151637 -0.00000009 -0.96818739 -0.25022584 -3.78173947 0.00000000 0.00000000 0.00000000 1.00000000
-0.99941438 0.00540124 -0.03378503 14.04082489 0.03421406 0.15777132 -0.98688269 0.64816034 -0.00000008 -0.98746085 -0.15786359 -3.57205963 0.00000000 0.00000000 0.00000000 1.00000000
-0.99935591 0.00289173 -0.03577341 14.20902252 0.03589009 0.08051740 -0.99610692 0.86718261 -0.00000009 -0.99674910 -0.08056945 -3.38058782 0.00000000 0.00000000 0.00000000 1.00000000
-0.99977791 0.00061431 -0.02107741 14.33022308 0.02108636 0.02912198 -0.99935353 1.12257564 -0.00000009 -0.99957579 -0.02912870 -3.24261808 0.00000000 0.00000000 0.00000000 1.00000000
-0.99998623 0.00003173 -0.00527220 14.38593483 0.00527230 0.00600088 -0.99996817 1.42864823 -0.00000009 -0.99998206 -0.00600110 -3.17919779 0.00000000 0.00000000 0.00000000 1.00000000
-0.99994159 0.00000553 -0.01083500 14.37021446 0.01083500 0.00050182 -0.99994129 1.75544655 -0.00000009 -1.00000000 -0.00050211 -3.16390896 0.00000000 0.00000000 0.00000000 1.00000000
-0.99764729 0.00000007 -0.06855667 14.17958260 0.06855667 -0.00000030 -0.99764729 2.04152560 -0.00000009 -1.00000000 0.00000021 -3.16250014 0.00000000 0.00000000 0.00000000 1.00000000
-0.99984837 0.00000008 -0.01742606 14.15383530 0.01742606 -0.00000053 -0.99984825 2.45286131 -0.00000009 -1.00000012 0.00000031 -3.16250014 0.00000000 0.00000000 0.00000000 1.00000000
-0.99999064 0.00000009 -0.00432836 14.14613724 0.00432836 -0.00000027 -0.99999064 2.81995440 -0.00000009 -1.00000000 0.00000024 -3.16250062 0.00000000 0.00000000 0.00000000 1.00000000
-0.99998242 0.00000009 -0.00593320 14.12847614 0.00593320 -0.00000017 -0.99998242 3.20851016 -0.00000009 -1.00000000 0.00000017 -3.16250086 0.00000000 0.00000000 0.00000000 1.00000000
-0.99767816 0.00000008 0.06810966 14.30585480 -0.06810966 -0.00000015 -0.99767798 3.56346679 -0.00000008 -1.00000012 -0.00000015 -3.16250110 0.00000000 0.00000000 0.00000000 1.00000000
-0.99930322 0.00000010 0.03732670 14.38819599 -0.03732670 -0.00000013 -0.99930316 3.87127304 -0.00000009 -1.00000000 0.00000003 -3.16250110 0.00000000 0.00000000 0.00000000 1.00000000
-0.99998140 0.00000009 0.00613536 14.40060329 -0.00613536 -0.00000010 -0.99998128 4.21078682 -0.00000009 -1.00000012 -0.00000010 -3.16250110 0.00000000 0.00000000 0.00000000 1.00000000
-0.99999994 0.00000009 -0.00000000 14.40060329 -0.00000000 -0.00000013 -0.99999994 4.55997276 -0.00000009 -0.99999994 0.00000020 -3.16250110 0.00000000 0.00000000 0.00000000 1.00000000
-0.99996084 0.00000009 -0.00885048 14.37576580 0.00885048 0.00000001 -0.99996084 4.89641428 -0.00000009 -1.00000000 0.00000001 -3.16250110 0.00000000 0.00000000 0.00000000 1.00000000
-0.99801278 0.00000008 -0.06301906 14.20131397 0.06301906 -0.00000023 -0.99801254 5.17702675 -0.00000008 -1.00000024 -0.00000023 -3.16250134 0.00000000 0.00000000 0.00000000 1.00000000
-0.99908495 0.00000009 -0.04277075 14.15814781 0.04277075 -0.00000002 -0.99908495 5.59478664 -0.00000009 -1.00000000 -0.00000002 -3.16250134 0.00000000 0.00000000 0.00000000 1.00000000
-0.99997449 0.00000009 -0.00719112 14.14479542 0.00719112 -0.00000008 -0.99997431 5.95896339 -0.00000009 -1.00000012 -0.00000025 -3.16250134 0.00000000 0.00000000 0.00000000 1.00000000
-0.99994969 0.00000009 -0.01003196 14.11688519 0.01003196 -0.00000001 -0.99994969 6.33151484 -0.00000009 -1.00000000 -0.00000001 -3.16250134 0.00000000 0.00000000 0.00000000 1.00000000
-0.99900573 0.00000009 0.04458135 14.28209496 -0.04458135 -0.00000015 -0.99900573 6.71178913 -0.00000008 -1.00000000 0.00000019 -3.16250134 0.00000000 0.00000000 0.00000000 1.00000000
-0.99893427 0.00000009 0.04615716 14.38339233 -0.04615716 -0.00000020 -0.99893421 7.01594448 -0.00000009 -1.00000000 0.00000013 -3.16250134 0.00000000 0.00000000 0.00000000 1.00000000
-0.99996471 0.00000009 0.00840665 14.40060329 -0.00840665 -0.00000027 -0.99996465 7.35346222 -0.00000009 -1.00000000 0.00000024 -3.16250134 0.00000000 0.00000000 0.00000000 1.00000000
-1.00000024 0.00000009 0.00000000 14.40060329 -0.00000000 -0.00000013 -1.00000012 7.70264816 -0.00000009 -1.00000012 -0.00000013 -3.16250134 0.00000000 0.00000000 0.00000000 1.00000000
-0.99997854 0.00000009 -0.00660156 14.38208199 0.00660156 -0.00000024 -0.99997836 8.03979111 -0.00000009 -1.00000012 -0.00000007 -3.16250134 0.00000000 0.00000000 0.00000000 1.00000000
-0.99921948 0.00000008 -0.03950556 14.27582550 0.03950556 -0.00000022 -0.99921942 8.34362793 -0.00000009 -1.00000000 0.00000012 -3.16250134 0.00000000 0.00000000 0.00000000 1.00000000
-0.99869949 0.00000006 -0.05098783 14.16474152 0.05098783 -0.00000036 -0.99869937 8.73260403 -0.00000007 -1.00000012 0.00000014 -3.16250134 0.00000000 0.00000000 0.00000000 1.00000000
-0.99998271 0.00000009 0.00592371 14.14464188 -0.00592371 -0.00000014 -0.99998260 9.09820175 -0.00000009 -1.00000012 -0.00000014 -3.16250157 0.00000000 0.00000000 0.00000000 1.00000000
-0.99998879 0.00000009 0.00478371 14.15939426 -0.00478371 -0.00000012 -0.99998868 9.46133995 -0.00000009 -1.00000012 -0.00000012 -3.16250181 0.00000000 0.00000000 0.00000000 1.00000000
-0.99936086 0.00000010 0.03575069 14.25210285 -0.03575069 -0.00000015 -0.99936080 9.85731411 -0.00000009 -1.00000012 0.00000002 -3.16250181 0.00000000 0.00000000 0.00000000 1.00000000
-0.99761343 0.00000660 0.06904769 14.37701130 -0.06904769 -0.00009411 -0.99761343 10.15971184 -0.00000009 -1.00000000 0.00009425 -3.16250181 0.00000000 0.00000000 0.00000000 1.00000000
-0.99992692 0.00001710 0.01209243 14.40060329 -0.01209244 -0.00140671 -0.99992591 10.49613762 -0.00000009 -0.99999905 0.00140679 -3.16250181 0.00000000 0.00000000 0.00000000 1.00000000
-0.99994421 0.00009116 0.01058742 14.40060329 -0.01058781 -0.00860135 -0.99990708 10.84532452 -0.00000009 -0.99996310 0.00860158 -3.16250181 0.00000000 0.00000000 0.00000000 1.00000000
-0.99944448 0.00096286 0.03331663 14.38815594 -0.03333054 -0.02886974 -0.99902737 11.18481636 -0.00000008 -0.99958277 0.02888571 -3.16250181 0.00000000 0.00000000 0.00000000 1.00000000
-0.99831134 0.00347364 0.05798921 14.30564976 -0.05809315 -0.05969192 -0.99652511 11.49257565 -0.00000009 -0.99821091 0.05979274 -3.16250181 0.00000000 0.00000000 0.00000000 1.00000000
-0.99670005 0.00693261 0.08087562 14.12835407 -0.08117221 -0.08512320 -0.99305844 11.84775162 -0.00000009 -0.99634629 0.08540505 -3.16250181 0.00000000 0.00000000 0.00000000 1.00000000
-0.97382313 0.02033760 0.22639619 14.14612007 -0.22730784 -0.08712918 -0.96991742 12.23618412 -0.00000009 -0.99598950 0.08947115 -3.16250181 0.00000000 0.00000000 0.00000000 1.00000000
-0.90880162 0.02935000 0.41619489 14.15387058 -0.41722846 -0.06392961 -0.90655029 12.60326004 -0.00000008 -0.99752271 0.07034499 -3.16250181 0.00000000 0.00000000 0.00000000 1.00000000
-0.75819254 0.02460442 0.65156657 14.17942333 -0.65203100 -0.02861035 -0.75765246 13.01449776 -0.00000010 -0.99928784 0.03773484 -3.16277170 0.00000000 0.00000000 0.00000000 1.00000000
-0.52590251 -0.00363615 0.85053724 14.36670303 -0.85054499 0.00224824 -0.52589762 13.29935837 -0.00000004 -0.99999094 -0.00427520 -3.16644526 0.00000000 0.00000000 0.00000000 1.00000000
-0.33591527 -0.04390899 0.94086826 14.37117481 -0.94189227 0.01565953 -0.33555001 13.62463760 0.00000007 -0.99891281 -0.04661786 -3.18641043 0.00000000 0.00000000 0.00000000 1.00000000
-0.18391693 -0.09538683 0.97830266 14.29643536 -0.98294187 0.01784754 -0.18304884 13.93513489 0.00000010 -0.99528033 -0.09704224 -3.24202394 0.00000000 0.00000000 0.00000000 1.00000000
-0.08557400 -0.14990999 0.98498940 14.14849281 -0.99633187 0.01287569 -0.08459976 14.19326496 -0.00000011 -0.98861587 -0.15046196 -3.32454705 0.00000000 0.00000000 0.00000000 1.00000000
-0.03377473 -0.19076759 0.98105401 13.92322731 -0.99942946 0.00644683 -0.03315376 14.36646938 -0.00000001 -0.98161405 -0.19087647 -3.37911677 0.00000000 0.00000000 0.00000000 1.00000000
-0.00763302 -0.20499402 0.97873348 13.63094234 -0.99997085 0.00156473 -0.00747091 14.44328785 0.00000003 -0.97876197 -0.20500000 -3.36609888 0.00000000 0.00000000 0.00000000 1.00000000
-0.00340754 -0.19557063 0.98068368 13.30396271 -0.99999416 0.00066642 -0.00334177 14.45451832 0.00000003 -0.98068935 -0.19557174 -3.30615258 0.00000000 0.00000000 0.00000000 1.00000000
-0.01847466 -0.17186105 0.98494816 12.97365570 -0.99982953 0.00317556 -0.01819946 14.41658401 -0.00000018 -0.98511630 -0.17189060 -3.23260260 0.00000000 0.00000000 0.00000000 1.00000000
-0.03410463 -0.14413001 0.98897088 12.62290192 -0.99941826 0.00491855 -0.03374814 14.37757206 -0.00000015 -0.98954648 -0.14421387 -3.15768051 0.00000000 0.00000000 0.00000000 1.00000000
-0.03676908 -0.11483429 0.99270403 12.27920151 -0.99932384 0.00422515 -0.03652545 14.37071609 -0.00000001 -0.99337572 -0.11491205 -3.08275843 0.00000000 0.00000000 0.00000000 1.00000000
-0.03428940 -0.08530719 0.99576443 11.93621254 -0.99941188 0.00292708 -0.03416431 14.37675285 -0.00000016 -0.99635035 -0.08535732 -3.00790310 0.00000000 0.00000000 0.00000000 1.00000000
-0.01997137 -0.05614533 0.99822307 11.59292793 -0.99980074 0.00112136 -0.01993965 14.41275978 -0.00000005 -0.99842221 -0.05615674 -2.93417239 0.00000000 0.00000000 0.00000000 1.00000000
-0.00304462 -0.02914574 0.99957073 11.29253387 -0.99999553 0.00008866 -0.00304315 14.45537090 -0.00000009 -0.99957532 -0.02914604 -2.86728215 0.00000000 0.00000000 0.00000000 1.00000000
-0.00000011 -0.01026378 0.99994731 11.02121925 -1.00000000 0.00000001 -0.00000012 14.46320820 0.00000000 -0.99994731 -0.01026378 -2.81948137 0.00000000 0.00000000 0.00000000 1.00000000
-0.00000005 -0.00194350 0.99999809 10.75373459 -0.99999994 0.00000007 -0.00000009 14.46320820 -0.00000003 -0.99999809 -0.00194346 -2.79757643 0.00000000 0.00000000 0.00000000 1.00000000
0.00000005 0.00020689 0.99999994 10.45037556 -0.99999994 0.00000017 -0.00000000 14.46320820 -0.00000012 -0.99999994 0.00020694 -2.79224682 0.00000000 0.00000000 0.00000000 1.00000000
