0.24111545 0.51098865 -0.82507819 -2.35441256 0.97049648 -0.12695299 0.20498690 3.07266307 -0.00000013 -0.85016090 -0.52652305 -1.51947415 0.00000000 0.00000000 0.00000000 1.00000000
0.06036685 0.33331138 -0.94088227 -2.24973536 0.99817628 -0.02015789 0.05690184 2.87845969 -0.00000015 -0.94260132 -0.33392039 -1.33436894 0.00000000 0.00000000 0.00000000 1.00000000
0.01172095 0.19373941 -0.98098308 -2.20780635 0.99993140 -0.00227110 0.01149893 2.80532575 -0.00000002 -0.98105049 -0.19375283 -1.11014879 0.00000000 0.00000000 0.00000000 1.00000000
0.50097764 0.04824415 -0.86411446 -2.04702950 0.86546022 -0.02792653 0.50019854 2.77453756 -0.00000016 -0.99844497 -0.05574391 -0.93920487 0.00000000 0.00000000 0.00000000 1.00000000
0.46636391 0.03382070 -0.88394624 -1.82971311 0.88459301 -0.01783075 0.46602303 2.77343845 -0.00000010 -0.99926895 -0.03823324 -0.84775507 0.00000000 0.00000000 0.00000000 1.00000000
0.43275407 0.03287188 -0.90091264 -1.58394599 0.90151215 -0.01577997 0.43246645 2.77292037 -0.00000024 -0.99933517 -0.03646334 -0.80154616 0.00000000 0.00000000 0.00000000 1.00000000
0.50780511 0.03205992 -0.86087525 -1.17559659 0.86147201 -0.01889816 0.50745338 2.77979159 0.00000001 -0.99930733 -0.03721533 -0.76721370 0.00000000 0.00000000 0.00000000 1.00000000
0.55249810 0.03296498 -0.83286202 -0.55814493 0.83351415 -0.02185114 0.55206579 2.77615738 -0.00000017 -0.99921757 -0.03954947 -0.73402131 0.00000000 0.00000000 0.00000000 1.00000000
0.50640088 0.03301064 -0.86166608 -0.13539098 0.86229819 -0.01938634 0.50602967 2.78103328 -0.00000018 -0.99926698 -0.03828228 -0.70082879 0.00000000 0.00000000 0.00000000 1.00000000
-0.04525241 0.09867353 -0.99409038 2.16269135 0.99897557 0.00446981 -0.04503115 0.33771300 -0.00000002 -0.99510980 -0.09877468 -0.66763628 0.00000000 0.00000000 0.00000000 1.00000000
-0.11798137 0.04527580 -0.99198329 3.10201979 0.99301594 0.00537904 -0.11785854 0.17339173 -0.00000008 -0.99896020 -0.04559437 -0.63444376 0.00000000 0.00000000 0.00000000 1.00000000
-0.00502599 0.15292591 -0.98822486 3.36336684 0.99998736 0.00076844 -0.00496691 0.39805362 -0.00000019 -0.98823732 -0.15292783 -0.60131174 0.00000000 0.00000000 0.00000000 1.00000000
0.00446136 0.12340266 -0.99234670 3.41071892 0.99999011 -0.00055059 0.00442731 0.07633261 0.00000001 -0.99235660 -0.12340393 -0.56895006 0.00000000 0.00000000 0.00000000 1.00000000
-0.04042611 0.66844648 -0.74266106 3.52013445 0.99918270 0.02704442 -0.03004735 0.07285418 -0.00000007 -0.74326867 -0.66899353 -0.54035908 0.00000000 0.00000000 0.00000000 1.00000000
0.98924470 -0.00476887 0.14619242 3.91729069 -0.14627019 -0.03225207 0.98871893 0.40101922 -0.00000008 -0.99946851 -0.03260274 -0.52077568 0.00000000 0.00000000 0.00000000 1.00000000
0.91893184 0.00236682 -0.39440933 3.72720456 0.39441642 -0.00551450 0.91891533 0.40858379 -0.00000003 -0.99998206 -0.00600096 -0.51218307 0.00000000 0.00000000 0.00000000 1.00000000
0.19689606 -0.00008311 0.98042434 5.80558443 -0.98042440 -0.00001660 0.19689608 0.49460524 -0.00000010 -1.00000000 -0.00008476 -0.51018047 0.00000000 0.00000000 0.00000000 1.00000000
0.99751073 -0.00000010 0.07051455 3.95342731 -0.07051455 -0.00000013 0.99751079 0.40101928 -0.00000009 -1.00000000 -0.00000013 -0.50999981 0.00000000 0.00000000 0.00000000 1.00000000
0.99948019 -0.00000010 0.03223970 3.89291573 -0.03223970 -0.00000044 0.99948025 0.18950081 -0.00000009 -1.00000012 -0.00000045 -0.50999963 0.00000000 0.00000000 0.00000000 1.00000000
0.99733502 -0.00000009 -0.07295787 3.55759454 0.07295787 -0.00000005 0.99733508 0.19070211 -0.00000009 -1.00000000 -0.00000004 -0.50999963 0.00000000 0.00000000 0.00000000 1.00000000
0.99865502 -0.00000009 0.05184686 3.86054420 -0.05184686 -0.00000006 0.99865508 0.18939364 -0.00000009 -1.00000012 -0.00000006 -0.50999951 0.00000000 0.00000000 0.00000000 1.00000000
-0.56381875 -0.00000019 0.82589883 3.87673974 -0.82589883 -0.00000005 -0.56381857 0.19019887 0.00000003 -1.00000012 -0.00000035 -0.50999951 0.00000000 0.00000000 0.00000000 1.00000000
-0.25291109 0.00000012 -0.96748960 3.71240520 0.96748960 -0.00000004 -0.25291106 0.07423772 -0.00000002 -1.00000000 -0.00000017 -0.50999951 0.00000000 0.00000000 0.00000000 1.00000000
-0.93851328 0.00000008 -0.34524330 3.78074121 0.34524330 -0.00000004 -0.93851322 -2.04182696 -0.00000008 -1.00000000 -0.00000004 -0.50999951 0.00000000 0.00000000 0.00000000 1.00000000
-0.99833059 0.00000008 0.05776322 3.72811222 -0.05776322 -0.00000014 -0.99833047 -2.29417372 -0.00000008 -1.00000012 -0.00000014 -0.50999951 0.00000000 0.00000000 0.00000000 1.00000000
-0.82883358 0.00000002 -0.55949515 3.73762226 0.55949515 -0.00000008 -0.82883358 -2.33066225 -0.00000006 -1.00000000 0.00000008 -0.50999945 0.00000000 0.00000000 0.00000000 1.00000000
-0.23661490 0.00000001 -0.97160351 3.61952591 0.97160351 -0.00000010 -0.23661491 -2.22726917 -0.00000012 -1.00000000 0.00000004 -0.50999939 0.00000000 0.00000000 0.00000000 1.00000000
-0.29158753 -0.00000017 -0.95654428 3.56792355 0.95654428 -0.00000019 -0.29158744 0.40101930 -0.00000003 -1.00000012 0.00000008 -0.50999945 0.00000000 0.00000000 0.00000000 1.00000000
-0.20471212 -0.00000020 -0.97882217 5.72137737 0.97882217 -0.00000002 -0.20471215 0.59940225 -0.00000001 -0.99999994 0.00000025 -0.50999945 0.00000000 0.00000000 0.00000000 1.00000000
-0.70385057 -0.00000014 -0.71034825 4.75114536 0.71034825 -0.00000029 -0.70385051 0.59613031 -0.00000006 -1.00000012 0.00000017 -0.50999951 0.00000000 0.00000000 0.00000000 1.00000000
-0.34336206 -0.00000020 -0.93920308 3.57216883 0.93920308 -0.00000004 -0.34336206 0.40101925 0.00000001 -1.00000000 0.00000023 -0.50999951 0.00000000 0.00000000 0.00000000 1.00000000
-0.99748641 0.00000014 0.07085923 5.69691515 -0.07085923 -0.00000071 -0.99748635 0.57182455 -0.00000009 -1.00000000 0.00000064 -0.50999957 0.00000000 0.00000000 0.00000000 1.00000000
-0.77623880 0.00000011 0.63043928 6.92748737 -0.63043928 -0.00000016 -0.77623874 -1.42168069 -0.00000005 -1.00000012 0.00000000 -0.50999963 0.00000000 0.00000000 0.00000000 1.00000000
0.07565703 0.00000059 0.99713397 5.65466213 -0.99713397 0.00000007 0.07565711 1.03712821 -0.00000010 -1.00000012 0.00000053 -0.50999963 0.00000000 0.00000000 0.00000000 1.00000000
-0.01087292 0.00016897 0.99994099 6.91839981 -0.99994099 -0.00000181 -0.01087280 0.84974903 -0.00000014 -1.00000012 0.00016886 -0.50999969 0.00000000 0.00000000 0.00000000 1.00000000
0.43830881 -0.00149760 -0.89882320 5.50332403 0.89882445 0.00073012 0.43830824 1.34142852 -0.00000013 -0.99999863 0.00166607 -0.50999975 0.00000000 0.00000000 0.00000000 1.00000000
0.32326078 -0.00580595 -0.94629210 5.30351496 0.94630992 0.00198308 0.32325467 1.03397965 -0.00000025 -0.99998116 0.00613530 -0.50999981 0.00000000 0.00000000 0.00000000 1.00000000
0.16206491 0.11534151 0.98001593 5.66238022 -0.98678005 0.01894340 0.16095395 1.05797315 -0.00000014 -0.99314523 0.11688679 -0.50999987 0.00000000 0.00000000 0.00000000 1.00000000
-0.33206472 -0.03552682 -0.94258755 5.41800404 0.94325686 -0.01250706 -0.33182895 0.43689549 -0.00000001 -0.99929065 0.03766382 -0.50999987 0.00000000 0.00000000 0.00000000 1.00000000
0.22336259 -0.06345289 -0.97266799 5.27625847 0.97473550 0.01454027 0.22288893 1.00841701 0.00000001 -0.99787903 0.06509745 -0.50999987 0.00000000 0.00000000 0.00000000 1.00000000
-0.17686184 -0.15127327 -0.97254115 5.61202621 0.98423564 -0.02718300 -0.17476040 0.86395371 -0.00000003 -0.98811811 0.15369619 -0.51022053 0.00000000 0.00000000 0.00000000 1.00000000
-0.95098245 0.07371514 0.30033168 6.92925167 -0.30924594 -0.22668613 -0.92356956 0.64607960 -0.00000007 -0.97117448 0.23837022 -0.51264298 0.00000000 0.00000000 0.00000000 1.00000000
-0.95054168 -0.03998519 -0.30801317 7.28931761 0.31059772 -0.12236959 -0.94263196 0.35562685 -0.00000009 -0.99167895 0.12873647 -0.52287483 0.00000000 0.00000000 0.00000000 1.00000000
-0.43002281 -0.06988559 -0.90010929 5.36301661 0.90281820 -0.03328752 -0.42873240 1.00880682 -0.00000008 -0.99699962 0.07740819 -0.54570508 0.00000000 0.00000000 0.00000000 1.00000000
-0.85740703 -0.05988900 -0.51114237 7.12717867 0.51463890 -0.09977725 -0.85158163 1.03859413 -0.00000001 -0.99320585 0.11637093 -0.57829499 0.00000000 0.00000000 0.00000000 1.00000000
-0.87867653 -0.03138756 -0.47638497 6.84003639 0.47741786 -0.05776837 -0.87677544 0.65007406 -0.00000010 -0.99783653 0.06574455 -0.61465847 0.00000000 0.00000000 0.00000000 1.00000000
-0.83616507 -0.03233905 -0.54752415 6.50738049 0.54847836 -0.04930171 -0.83471024 1.02484405 -0.00000006 -0.99826038 0.05896135 -0.65171838 0.00000000 0.00000000 0.00000000 1.00000000
-0.89775050 -0.02501299 -0.43979445 6.70727062 0.44050518 -0.05097685 -0.89630181 1.32870793 -0.00000006 -0.99838674 0.05678244 -0.68882710 0.00000000 0.00000000 0.00000000 1.00000000
-0.96856588 0.01454546 0.24833165 7.77485800 -0.24875726 -0.05663408 -0.96690869 1.84155667 -0.00000010 -0.99828905 0.05847213 -0.72581047 0.00000000 0.00000000 0.00000000 1.00000000
-0.81643820 0.02277138 0.57698393 7.87145138 -0.57743311 -0.03219660 -0.81580305 2.20360303 -0.00000009 -0.99922222 0.03943531 -0.76142693 0.00000000 0.00000000 0.00000000 1.00000000
-0.49995112 0.01234095 0.86596572 8.06352997 -0.86605364 -0.00712396 -0.49990037 2.59858894 -0.00000015 -0.99989849 0.01424954 -0.79147238 0.00000000 0.00000000 0.00000000 1.00000000
0.27316475 -0.00549814 0.96195155 8.25905704 -0.96196729 -0.00156119 0.27316031 3.26174879 -0.00000011 -0.99998367 -0.00571551 -0.81049383 0.00000000 0.00000000 0.00000000 1.00000000
0.43118629 -0.02174116 0.90200102 8.05317688 -0.90226299 -0.01039010 0.43106121 3.38143778 0.00000000 -0.99970978 -0.02409637 -0.81818134 0.00000000 0.00000000 0.00000000 1.00000000
0.60686904 -0.03131660 0.79418474 7.72212458 -0.79480195 -0.02391184 0.60639799 3.39698172 -0.00000007 -0.99922365 -0.03940193 -0.81985670 0.00000000 0.00000000 0.00000000 1.00000000
0.70856315 -0.04387049 0.70428240 7.37503386 -0.70564747 -0.04405174 0.70719248 3.39831924 -0.00000006 -0.99806559 -0.06217055 -0.81995314 0.00000000 0.00000000 0.00000000 1.00000000
0.82684904 -0.03847147 0.56110662 7.02647781 -0.56242394 -0.05655864 0.82491237 3.39831924 -0.00000015 -0.99765778 -0.06840272 -0.81917876 0.00000000 0.00000000 0.00000000 1.00000000
0.82795352 -0.09406128 0.55285215 6.67817593 -0.56079680 -0.13887087 0.81622422 3.39831924 -0.00000006 -0.98583341 -0.16772789 -0.81426847 0.00000000 0.00000000 0.00000000 1.00000000
-0.41583565 -0.11972188 0.90152490 6.20608330 -0.90943968 0.05474235 -0.41221672 2.67877698 -0.00000017 -0.99129707 -0.13164358 -0.79829627 0.00000000 0.00000000 0.00000000 1.00000000
-0.38880900 -0.07819902 0.91799378 6.16469002 -0.92131841 0.03300105 -0.38740590 2.47894049 -0.00000002 -0.99639142 -0.08487735 -0.76773179 0.00000000 0.00000000 0.00000000 1.00000000
-0.51795822 -0.03615312 0.85464191 5.87089920 -0.85540622 0.02189093 -0.51749521 1.98348236 0.00000002 -0.99910665 -0.04226444 -0.72801238 0.00000000 0.00000000 0.00000000 1.00000000
-0.46741498 0.00237062 0.88403505 5.85411739 -0.88403821 -0.00125357 -0.46741319 1.87111807 0.00000005 -0.99999648 0.00268150 -0.68569434 0.00000000 0.00000000 0.00000000 1.00000000
-0.68594831 0.03060095 0.72700673 5.58222961 -0.72765046 -0.02884716 -0.68534142 1.27505410 -0.00000008 -0.99911541 0.04205431 -0.64311475 0.00000000 0.00000000 0.00000000 1.00000000
-0.35965782 0.09188072 0.92854947 5.97660637 -0.93308419 -0.03541553 -0.35790992 2.36253023 0.00000008 -0.99514002 0.09846997 -0.60142171 0.00000000 0.00000000 0.00000000 1.00000000
0.23735617 0.15371078 0.95918459 4.63243246 -0.97142273 0.03755745 0.23436597 3.39831901 0.00000001 -0.98740190 0.15823260 -0.56850636 0.00000000 0.00000000 0.00000000 1.00000000
0.30260104 0.23755343 0.92303908 3.98613667 -0.95311737 0.07541980 0.29305169 3.39831948 -0.00000009 -0.96844226 0.24923833 -0.56630403 0.00000000 0.00000000 0.00000000 1.00000000
0.24391463 0.26016614 0.93424797 3.53429985 -0.96979678 0.06543483 0.23497374 3.39831948 -0.00000021 -0.96334416 0.26826873 -0.61246216 0.00000000 0.00000000 0.00000000 1.00000000
0.27941936 0.27822351 0.91897577 2.96566749 -0.96016914 0.08096605 0.26743159 3.39831948 -0.00000002 -0.95709771 0.28976515 -0.69445598 0.00000000 0.00000000 0.00000000 1.00000000
0.34575167 0.21245414 0.91395795 3.05409217 -0.93832612 0.07828442 0.33677271 3.65830207 -0.00000004 -0.97403032 0.22641814 -0.78935653 0.00000000 0.00000000 0.00000000 1.00000000
0.14645009 0.19335338 0.97013754 3.28938913 -0.98921812 0.02862538 0.14362530 3.39831948 -0.00000015 -0.98071152 0.19546083 -0.88639325 0.00000000 0.00000000 0.00000000 1.00000000
-0.14897980 0.28141737 0.94795024 2.11644483 -0.98884046 -0.04239867 -0.14281911 2.78356576 -0.00000012 -0.95864850 0.28459316 -0.98355818 0.00000000 0.00000000 0.00000000 1.00000000
-0.14596640 0.25827116 0.95498163 2.08101702 -0.98928958 -0.03810687 -0.14090440 2.79347134 -0.00000021 -0.96532065 0.26106727 -1.08072305 0.00000000 0.00000000 0.00000000 1.00000000
0.03987537 0.34433112 0.93800098 1.56520069 -0.99920458 0.01374139 0.03743280 2.90306926 -0.00000007 -0.93874758 0.34460530 -1.17788804 0.00000000 0.00000000 0.00000000 1.00000000
0.48389882 0.78284001 0.39115649 1.12433255 -0.87512392 0.43287054 0.21628955 2.86247206 -0.00000001 -0.44697267 0.89454758 -1.27505291 0.00000000 0.00000000 0.00000000 1.00000000
0.01271565 -0.19505665 -0.98070943 0.70367444 0.99991906 0.00248061 0.01247125 2.79222679 0.00000005 -0.98078871 0.19507253 -1.37163436 0.00000000 0.00000000 0.00000000 1.00000000
0.14572982 -0.01465550 -0.98921579 0.43138805 0.98932439 0.00215860 0.14571378 2.97520304 -0.00000025 -0.99989021 0.01481367 -1.46221578 0.00000000 0.00000000 0.00000000 1.00000000
0.14949581 0.04066909 -0.98792559 0.29492831 0.98876232 -0.00614889 0.14936927 3.05799723 0.00000004 -0.99915373 -0.04113128 -1.53041339 0.00000000 0.00000000 0.00000000 1.00000000
0.09976839 0.06130738 -0.99312013 0.33003363 0.99501067 -0.00614734 0.09957878 3.05182314 -0.00000018 -0.99809998 -0.06161477 -1.55939674 0.00000000 0.00000000 0.00000000 1.00000000
-0.21532212 0.05925690 -0.97474378 0.54213947 0.97654325 0.01306575 -0.21492517 2.86224198 0.00000011 -0.99815738 -0.06068045 -1.55374289 0.00000000 0.00000000 0.00000000 1.00000000
-0.25530151 0.06459977 -0.96470094 1.01188517 0.96686143 0.01705772 -0.25473106 2.80029440 -0.00000002 -0.99776542 -0.06681383 -1.53221214 0.00000000 0.00000000 0.00000000 1.00000000
-0.23060368 0.06872778 -0.97061765 1.38475776 0.97304785 0.01628783 -0.23002768 2.78356576 0.00000003 -0.99750257 -0.07063152 -1.50710833 0.00000000 0.00000000 0.00000000 1.00000000
-0.23095401 0.06902609 -0.97051311 1.73236871 0.97296464 0.01638475 -0.23037207 2.78356576 -0.00000006 -0.99748027 -0.07094407 -1.48169804 0.00000000 0.00000000 0.00000000 1.00000000
-0.26657501 0.06827309 -0.96139300 2.07534647 0.96381420 0.01888320 -0.26590538 2.78880739 -0.00000000 -0.99748796 -0.07083636 -1.45628786 0.00000000 0.00000000 0.00000000 1.00000000
-0.26718527 0.06966627 -0.96112370 2.40153170 0.96364528 0.01931594 -0.26648608 2.84411693 -0.00000001 -0.99738342 -0.07229459 -1.43087757 0.00000000 0.00000000 0.00000000 1.00000000
-0.00481544 0.06722493 -0.99772620 2.92397881 0.99998838 0.00032363 -0.00480457 3.38742328 -0.00000010 -0.99773777 -0.06722571 -1.40546739 0.00000000 0.00000000 0.00000000 1.00000000
-0.01312781 0.07126230 -0.99737126 3.20879221 0.99991387 0.00093533 -0.01309439 3.38039160 -0.00000021 -0.99745721 -0.07126850 -1.38005722 0.00000000 0.00000000 0.00000000 1.00000000
-0.01474506 0.07257675 -0.99725389 3.47987866 0.99989134 0.00107009 -0.01470614 3.28009057 -0.00000013 -0.99736232 -0.07258469 -1.35464704 0.00000000 0.00000000 0.00000000 1.00000000
-0.01213972 0.07289440 -0.99726588 3.81803393 0.99992645 0.00088475 -0.01210731 3.27864313 -0.00000011 -0.99733937 -0.07289989 -1.32923698 0.00000000 0.00000000 0.00000000 1.00000000
0.02393117 0.07213771 -0.99710757 4.14455366 0.99971360 -0.00172674 0.02386880 3.36111569 0.00000010 -0.99739319 -0.07215837 -1.30382657 0.00000000 0.00000000 0.00000000 1.00000000
0.04083313 0.06995363 -0.99671417 4.42843342 0.99916601 -0.00285895 0.04073295 3.40610600 -0.00000011 -0.99754620 -0.07001206 -1.27841640 0.00000000 0.00000000 0.00000000 1.00000000
0.04212334 0.08615887 -0.99539059 5.18671465 0.99911249 -0.00363267 0.04196650 3.39831948 -0.00000006 -0.99627489 -0.08623550 -1.25300622 0.00000000 0.00000000 0.00000000 1.00000000
0.03970737 0.07775672 -0.99618149 5.34242058 0.99921149 -0.00309006 0.03958713 3.40840364 0.00000008 -0.99696773 -0.07781825 -1.22759604 0.00000000 0.00000000 0.00000000 1.00000000
-0.01285918 0.07354136 -0.99720937 5.57457542 0.99991739 0.00094572 -0.01282426 3.31098032 0.00000005 -0.99729180 -0.07354753 -1.20218575 0.00000000 0.00000000 0.00000000 1.00000000
-0.01932882 0.07287780 -0.99715358 5.90369892 0.99981320 0.00140876 -0.01927740 3.30396414 -0.00000013 -0.99733990 -0.07289143 -1.17677557 0.00000000 0.00000000 0.00000000 1.00000000
-0.01932882 0.07287780 -0.99715358 6.25130939 0.99981320 0.00140876 -0.01927740 3.31068420 -0.00000013 -0.99733990 -0.07289143 -1.15136540 0.00000000 0.00000000 0.00000000 1.00000000
-0.01932888 0.07287799 -0.99715376 6.59892035 0.99981338 0.00140857 -0.01927728 3.31740427 -0.00000013 -0.99734008 -0.07289180 -1.12595522 0.00000000 0.00000000 0.00000000 1.00000000
-0.01932888 0.07287792 -0.99715358 6.94653130 0.99981320 0.00140882 -0.01927745 3.32412410 -0.00000007 -0.99733990 -0.07289156 -1.10054493 0.00000000 0.00000000 0.00000000 1.00000000
-0.01932888 0.07287798 -0.99715364 7.29414225 0.99981326 0.00140870 -0.01927740 3.33084440 -0.00000013 -0.99733996 -0.07289168 -1.07513475 0.00000000 0.00000000 0.00000000 1.00000000
-0.01890513 0.07470127 -0.99702692 7.64175320 0.99982148 0.00141227 -0.01885212 3.33756471 -0.00000003 -0.99720514 -0.07471479 -1.04972458 0.00000000 0.00000000 0.00000000 1.00000000
-0.01651357 0.08707956 -0.99606448 7.98936462 0.99986362 0.00143806 -0.01645084 3.34428501 -0.00000014 -0.99620032 -0.08709144 -1.02431440 0.00000000 0.00000000 0.00000000 1.00000000
-0.01504880 0.10841157 -0.99399233 8.33697510 0.99988693 0.00163130 -0.01495996 3.35100508 -0.00000019 -0.99410492 -0.10842399 -0.99890423 0.00000000 0.00000000 0.00000000 1.00000000
-0.02047536 0.07167783 -0.99721777 8.68458557 0.99979049 0.00146788 -0.02042252 3.35772491 0.00000009 -0.99742693 -0.07169300 -0.97349393 0.00000000 0.00000000 0.00000000 1.00000000
-0.01619465 0.05992463 -0.99807143 9.03219604 0.99986875 0.00097048 -0.01616564 3.36444521 -0.00000020 -0.99820232 -0.05993240 -0.94808376 0.00000000 0.00000000 0.00000000 1.00000000
-0.01300118 0.04896893 -0.99871576 9.37980747 0.99991554 0.00063649 -0.01298554 3.37116528 -0.00000017 -0.99880016 -0.04897312 -0.92267352 0.00000000 0.00000000 0.00000000 1.00000000
-0.01000227 0.03465133 -0.99934942 9.67626381 0.99994999 0.00034666 -0.00999625 3.37603402 0.00000006 -0.99939942 -0.03465307 -0.89726335 0.00000000 0.00000000 0.00000000 1.00000000
0.00054709 0.01681790 -0.99985856 9.73104382 1.00000000 -0.00000935 0.00054714 3.37305021 -0.00000002 -0.99985868 -0.01681803 -0.87203008 0.00000000 0.00000000 0.00000000 1.00000000
0.00100004 0.00916161 -0.99995768 9.71554375 0.99999964 -0.00000937 0.00100013 3.37175298 -0.00000007 -0.99995816 -0.00916175 -0.84853131 0.00000000 0.00000000 0.00000000 1.00000000
0.03637293 0.00493175 -0.99932605 10.66678047 0.99933821 -0.00017964 0.03637242 3.39831948 -0.00000021 -0.99998778 -0.00493496 -0.83098811 0.00000000 0.00000000 0.00000000 1.00000000
0.10643147 0.00058836 -0.99431986 11.12358952 0.99432003 -0.00006317 0.10643144 3.39831901 -0.00000020 -0.99999982 -0.00059173 -0.82249928 0.00000000 0.00000000 0.00000000 1.00000000
0.20683844 -0.00357370 -0.97836870 11.46822262 0.97837520 0.00075517 0.20683719 3.39831948 -0.00000022 -0.99999344 0.00365252 -0.82026583 0.00000000 0.00000000 0.00000000 1.00000000
0.36398962 -0.01378420 -0.93130100 11.90419674 0.93140298 0.00538681 0.36394972 3.39831948 -0.00000004 -0.99989045 0.01479940 -0.82000828 0.00000000 0.00000000 0.00000000 1.00000000
0.98481482 -0.01326606 -0.17310038 12.82429504 0.17360798 0.07525272 0.98193556 3.37135768 -0.00000013 -0.99707633 0.07641309 -0.82000083 0.00000000 0.00000000 0.00000000 1.00000000
0.99742049 -0.00691085 -0.07144666 12.82957172 0.07178012 0.09602857 0.99278700 3.36863828 -0.00000008 -0.99535453 0.09627692 -0.82000083 0.00000000 0.00000000 0.00000000 1.00000000
0.64599729 0.03256771 0.76264471 12.86876774 -0.76333976 0.02756126 0.64540911 3.31817365 -0.00000001 -0.99908954 0.04266469 -0.82011378 0.00000000 0.00000000 0.00000000 1.00000000
0.43038753 0.03673138 0.90189666 13.06053734 -0.90264428 0.01751385 0.43003115 3.19098902 -0.00000017 -0.99917185 0.04069304 -0.82134658 0.00000000 0.00000000 0.00000000 1.00000000
0.13584331 0.04934161 0.98950082 13.13968468 -0.99073029 0.00676559 0.13567466 3.04495525 -0.00000007 -0.99875897 0.04980336 -0.82650590 0.00000000 0.00000000 0.00000000 1.00000000
0.05194458 0.03155060 0.99815154 13.02828121 -0.99865001 0.00164109 0.05191872 2.95903039 -0.00000006 -0.99950087 0.03159318 -0.83787113 0.00000000 0.00000000 0.00000000 1.00000000
0.03332451 0.03346990 0.99888414 12.90101528 -0.99944472 0.00111596 0.03330598 2.93615174 -0.00000013 -0.99943930 0.03348833 -0.85386807 0.00000000 0.00000000 0.00000000 1.00000000
-0.03710813 0.03403399 0.99873167 12.86782837 -0.99931139 -0.00126381 -0.03708646 2.83704305 -0.00000014 -0.99942005 0.03405729 -0.87155300 0.00000000 0.00000000 0.00000000 1.00000000
-0.34531346 0.04864698 0.93722582 11.62806225 -0.93848747 -0.01789944 -0.34484917 2.26819253 -0.00000011 -0.99865568 0.05183541 -0.88952291 0.00000000 0.00000000 0.00000000 1.00000000
-0.40893072 0.05637071 0.91082269 11.15084648 -0.91256541 -0.02526028 -0.40814981 2.28043389 -0.00000003 -0.99809027 0.06177170 -0.90751052 0.00000000 0.00000000 0.00000000 1.00000000
-0.11639058 0.05529350 0.99166322 11.17288303 -0.99320352 -0.00647971 -0.11621006 2.77527881 0.00000002 -0.99844915 0.05567187 -0.92549813 0.00000000 0.00000000 0.00000000 1.00000000
-0.27084190 0.12564972 0.95438838 9.69150162 -0.96262407 -0.03535260 -0.26852459 2.78546906 -0.00000008 -0.99144477 0.13052818 -0.94348562 0.00000000 0.00000000 0.00000000 1.00000000
-0.16083254 0.09205574 0.98267937 9.69139862 -0.98698175 -0.01500083 -0.16013139 2.82913280 -0.00000006 -0.99564093 0.09326989 -0.96147323 0.00000000 0.00000000 0.00000000 1.00000000
-0.04457873 0.07175520 0.99642575 9.70345402 -0.99900609 -0.00320221 -0.04446340 2.95454741 0.00000011 -0.99741733 0.07182643 -0.97946066 0.00000000 0.00000000 0.00000000 1.00000000
-0.02314196 0.05921218 0.99797714 9.67669010 -0.99973220 -0.00137057 -0.02310135 2.98619366 -0.00000007 -0.99824446 0.05922806 -0.99744821 0.00000000 0.00000000 0.00000000 1.00000000
-0.02033367 0.05256772 0.99841028 9.55948544 -0.99979317 -0.00106900 -0.02030560 2.99354053 -0.00000006 -0.99861676 0.05257865 -1.01543593 0.00000000 0.00000000 0.00000000 1.00000000
-0.01991018 0.05158871 0.99847007 9.25045013 -0.99980193 -0.00102743 -0.01988350 3.00056314 -0.00000007 -0.99866807 0.05159878 -1.03342342 0.00000000 0.00000000 0.00000000 1.00000000
-0.01991042 0.05158868 0.99847013 8.90237999 -0.99980199 -0.00102749 -0.01988371 3.00749445 -0.00000005 -0.99866807 0.05159872 -1.05141103 0.00000000 0.00000000 0.00000000 1.00000000
-0.01991042 0.05158868 0.99847013 8.55430984 -0.99980199 -0.00102749 -0.01988371 3.01442575 -0.00000005 -0.99866807 0.05159872 -1.06939864 0.00000000 0.00000000 0.00000000 1.00000000
-0.01991025 0.05158889 0.99846989 8.20623970 -0.99980175 -0.00102726 -0.01988374 3.02135754 -0.00000008 -0.99866790 0.05159912 -1.08738613 0.00000000 0.00000000 0.00000000 1.00000000
-0.02210890 0.05189477 0.99840778 7.85817051 -0.99975556 -0.00114754 -0.02207913 3.02828908 -0.00000005 -0.99865186 0.05190749 -1.10537374 0.00000000 0.00000000 0.00000000 1.00000000
-0.05006702 0.05406992 0.99728119 7.51010036 -0.99874592 -0.00271050 -0.04999356 3.03522062 -0.00000006 -0.99853349 0.05413777 -1.12336135 0.00000000 0.00000000 0.00000000 1.00000000
-0.18296501 0.05571837 0.98153931 7.16203070 -0.98311949 -0.01036960 -0.18267088 3.04215193 -0.00000001 -0.99839270 0.05667503 -1.14134884 0.00000000 0.00000000 0.00000000 1.00000000
-0.15001811 0.04354602 0.98772383 6.81396151 -0.98868328 -0.00660731 -0.14987251 3.04908371 -0.00000017 -0.99902958 0.04404441 -1.15933633 0.00000000 0.00000000 0.00000000 1.00000000
-0.15168858 0.04734640 0.98729396 6.46589136 -0.98842859 -0.00726618 -0.15151425 3.05601501 -0.00000000 -0.99885231 0.04790049 -1.17732394 0.00000000 0.00000000 0.00000000 1.00000000
-0.13304478 0.05027897 0.98983401 6.11782169 -0.99111021 -0.00674929 -0.13287336 3.06294680 -0.00000019 -0.99871254 0.05072980 -1.19531155 0.00000000 0.00000000 0.00000000 1.00000000
-0.11007543 0.05122745 0.99260229 5.78229141 -0.99392331 -0.00567339 -0.10992904 3.07419586 -0.00000005 -0.99867100 0.05154056 -1.21329916 0.00000000 0.00000000 0.00000000 1.00000000
-0.06333786 0.05219225 0.99662650 5.52198744 -0.99799222 -0.00331245 -0.06325113 3.13488436 0.00000001 -0.99863160 0.05229721 -1.23128676 0.00000000 0.00000000 0.00000000 1.00000000
-0.01538630 0.05311056 0.99847019 5.29290104 -0.99988174 -0.00081724 -0.01536448 3.39000893 -0.00000014 -0.99858844 0.05311673 -1.24927425 0.00000000 0.00000000 0.00000000 1.00000000
0.27898118 0.04855039 0.95906854 4.39366007 -0.96029663 0.01410468 0.27862450 3.41632843 -0.00000013 -0.99872124 0.05055764 -1.26726174 0.00000000 0.00000000 0.00000000 1.00000000
0.28636697 0.05050112 0.95678824 4.24141026 -0.95812011 0.01509396 0.28596905 3.39739299 -0.00000009 -0.99861008 0.05270845 -1.28524947 0.00000000 0.00000000 0.00000000 1.00000000
0.26046643 0.04870889 0.96425337 4.01199865 -0.96548283 0.01314070 0.26013467 3.34562826 -0.00000003 -0.99872649 0.05045037 -1.30323696 0.00000000 0.00000000 0.00000000 1.00000000
0.23954721 0.04813488 0.96969086 3.70379877 -0.97088480 0.01187632 0.23925273 3.30438566 -0.00000008 -0.99877036 0.04957827 -1.32122457 0.00000000 0.00000000 0.00000000 1.00000000
0.21144320 0.04627934 0.97629410 3.46525955 -0.97739035 0.01001194 0.21120614 3.26541471 -0.00000022 -0.99887848 0.04734985 -1.33921218 0.00000000 0.00000000 0.00000000 1.00000000
0.26087323 0.04152858 0.96447951 3.26416016 -0.96537316 0.01122210 0.26063192 3.42122746 0.00000003 -0.99907446 0.04301800 -1.35719967 0.00000000 0.00000000 0.00000000 1.00000000
-0.07677396 0.05590911 0.99547970 2.34633064 -0.99704844 -0.00430502 -0.07665321 2.82154727 0.00000000 -0.99842656 0.05607467 -1.37518740 0.00000000 0.00000000 0.00000000 1.00000000
-0.10560960 0.05060975 0.99311888 2.28230667 -0.99440759 -0.00537479 -0.10547280 2.81184745 -0.00000009 -0.99870402 0.05089441 -1.39317477 0.00000000 0.00000000 0.00000000 1.00000000
-0.12714139 0.05057696 0.99059427 1.94922185 -0.99188459 -0.00648293 -0.12697601 2.78913569 -0.00000009 -0.99869913 0.05099078 -1.41116238 0.00000000 0.00000000 0.00000000 1.00000000
-0.13878012 0.05061664 0.98902905 1.59291530 -0.99032342 -0.00709322 -0.13859856 2.78356576 -0.00000016 -0.99869311 0.05111104 -1.42914975 0.00000000 0.00000000 0.00000000 1.00000000
-0.15068218 0.05055632 0.98728883 1.23998213 -0.98858237 -0.00770600 -0.15048489 2.78401017 -0.00000002 -0.99869162 0.05114011 -1.44713736 0.00000000 0.00000000 0.00000000 1.00000000
-0.18470269 0.05112888 0.98146355 0.84443730 -0.98279440 -0.00960895 -0.18445261 2.76734447 0.00000001 -0.99864578 0.05202401 -1.46512496 0.00000000 0.00000000 0.00000000 1.00000000
-0.10292933 0.05412193 0.99321538 0.43035871 -0.99468887 -0.00560062 -0.10277668 2.96907949 -0.00000003 -0.99851882 0.05441073 -1.48311257 0.00000000 0.00000000 0.00000000 1.00000000
-0.08632115 0.05083159 0.99496990 0.17631832 -0.99626756 -0.00440435 -0.08620856 3.03551102 -0.00000008 -0.99869770 0.05102187 -1.50110030 0.00000000 0.00000000 0.00000000 1.00000000
-0.07011449 0.03951381 0.99675626 -0.14743344 -0.99753910 -0.00277741 -0.07005930 3.05788851 -0.00000007 -0.99921530 0.03961112 -1.51908767 0.00000000 0.00000000 0.00000000 1.00000000
0.00191789 -0.00946802 0.99995339 -0.49550316 -0.99999821 -0.00001799 0.00191783 3.07622814 -0.00000020 -0.99995518 -0.00946806 -1.53707528 0.00000000 0.00000000 0.00000000 1.00000000
0.15672000 -0.15128611 0.97598732 -0.84357280 -0.98764300 -0.02400601 0.15487044 3.10159063 -0.00000013 -0.98819840 -0.15317886 -1.55506277 0.00000000 0.00000000 0.00000000 1.00000000
0.32121435 -0.37511936 0.86954409 -1.19164252 -0.94700658 -0.12723660 0.29494002 3.14999771 0.00000003 -0.91820288 -0.39611077 -1.57305038 0.00000000 0.00000000 0.00000000 1.00000000
0.61762595 -0.55901885 0.55320531 -1.53971219 -0.78647202 -0.43900424 0.43443882 3.17294002 -0.00000002 -0.70340115 -0.71079308 -1.59103811 0.00000000 0.00000000 0.00000000 1.00000000
0.99245566 0.10583015 -0.06190106 -1.88414311 0.12260409 -0.85667443 0.50107652 3.21403837 -0.00000004 -0.50488555 -0.86318660 -1.60676050 0.00000000 0.00000000 0.00000000 1.00000000
0.57559210 0.59807020 -0.55767900 -2.19306636 0.81773698 -0.42097232 0.39254147 3.20167065 -0.00000002 -0.68197846 -0.73137248 -1.60038185 0.00000000 0.00000000 0.00000000 1.00000000
